This is a square matrix
876.230546	584.715137	
446.204758	955.244818	
475.144178	409.601300	
210.974402	826.967392	
156.162392	114.054793	
377.386380	360.895251	
712.180172	924.846437	
798.774437	233.318088	
912.973141	723.532533	
723.412959	874.837384	
725.083208	15.004245	
355.653984	224.136592	
315.810903	813.365049	
462.796289	877.408474	
81.595290	591.629999	
679.482277	958.822289	
348.940193	916.750508	
770.352132	50.230752	
87.009880	533.799933	
423.531780	649.965879	
570.940145	794.776494	
411.144363	665.248135	
175.492380	730.042178	
5.994642	487.974391	
883.672363	342.310464	
999.612428	530.976202	
833.011677	128.380247	
152.458670	584.217059	
655.517829	150.538380	
10.918796	562.480685	
500.515246	655.619966	
950.366162	721.058847	
429.543257	708.181060	
620.209748	649.677170	
473.220743	583.650000	
605.047547	160.840184	
718.472832	594.897423	
76.738460	676.111341	
694.496572	161.301810	
120.700184	730.071805	
617.935447	655.253387	
430.862505	471.134047	
887.727992	400.762712	
516.854733	132.603689	
36.885471	591.329897	
54.590575	715.089171	
601.326399	500.201536	
14.445504	647.847193	
269.721845	802.479829	
882.638894	809.485875	
378.276203	686.007501	
47.437250	382.307238	
760.868559	976.679637	
505.204348	151.415943	
413.110268	688.875635	
456.599827	900.843739	
73.079904	40.967025	
689.817080	56.956299	
185.947328	746.034890	
493.806881	967.318523	
736.756290	182.180718	
976.288727	105.832115	
4.102760	486.343266	
746.197197	577.461453	
777.911152	272.000087	
309.648499	531.262780	
327.808192	952.289798	
494.369250	473.862807	
688.405941	465.221873	
954.671879	617.303754	
565.226510	536.952560	
257.983160	657.740278	
707.722346	872.597080	
851.340891	943.637541	
248.251329	239.687607	
405.443577	754.082296	
570.490318	524.807045	
46.969428	240.849519	
937.778064	728.275019	
338.174589	349.814844	
934.550362	414.220481	
130.106263	891.885429	
221.922169	938.065818	
55.833851	134.449773	
830.538714	66.710875	
121.833226	483.295291	
614.868077	29.692657	
283.563593	141.749757	
480.913232	776.249070	
182.214826	864.943762	
725.111587	272.677654	
907.452812	989.426664	
36.558648	439.057232	
540.909284	490.857725	
760.362042	695.090338	
785.353124	19.544988	
202.914415	302.799454	
952.733820	494.404765	
427.725838	653.478484	
551.128800	852.301624	
329.621943	514.235934	
256.834974	929.869317	
444.830858	857.180243	
817.259838	492.909188	
369.896135	468.301942	
684.612328	468.718975	
693.958664	874.508594	
651.994511	364.056560	
726.394330	272.669558	
690.653113	873.848750	
335.035018	530.831156	
754.317608	743.360866	
252.916267	761.961122	
828.832420	531.814459	
6.429519	630.882944	
44.354567	41.152376	
70.105304	422.041675	
403.414921	533.805709	
158.239254	809.101863	
349.289169	178.088522	
954.935018	231.002382	
139.851733	69.971697	
620.496215	764.739867	
708.366088	851.979311	
667.737406	36.312502	
74.816156	629.048086	
771.647018	587.418634	
150.799844	237.198402	
208.325136	882.273943	
576.813261	144.618909	
578.654548	801.450155	
205.691970	84.081101	
13.047777	37.771301	
711.311227	999.485173	
671.741531	257.835297	
518.842222	148.793392	
830.165454	215.154973	
680.382628	663.796884	
167.538645	189.053435	
482.139669	836.357679	
959.882195	594.480050	
94.647392	513.619976	
982.575026	25.273008	
376.071470	855.243286	
872.619461	168.079231	
134.159003	887.631229	
892.343250	305.598622	
619.507996	521.126351	
941.268186	314.870216	
491.694951	159.107880	
376.298739	577.966460	
62.294207	730.551483	
148.114207	12.922494	
127.086002	74.610816	
958.847438	403.372760	
159.228897	178.600118	
334.116394	4.985730	
752.914431	475.663018	
818.969976	22.206770	
240.566294	710.533677	
775.481360	907.349799	
461.652949	329.817665	
27.188466	515.965449	
616.974137	990.243215	
862.295783	546.494058	
964.452567	459.628316	
763.909678	386.387714	
412.347557	651.426080	
208.159711	42.274034	
551.881338	362.882994	
361.414784	431.736933	
759.696850	434.204002	
602.196376	834.746579	
251.437824	113.092889	
180.776702	206.972030	
820.912012	54.793831	
15.638966	68.177264	
648.624458	586.459676	
675.277234	343.774064	
832.247487	340.402882	
622.439547	534.517262	
250.738296	381.342409	
642.840789	212.132495	
514.632870	861.390678	
680.054147	358.122787	
593.778010	850.155733	
909.733907	979.228604	
549.586759	774.745306	
938.329243	173.090978	
96.665827	544.025060	
987.019092	987.168192	
776.975104	381.531423	
679.206536	233.759670	
208.170627	622.170066	
680.145637	630.387637	
674.143046	785.583842	
123.389485	104.304251	
401.175566	128.248207	
583.498424	779.993660	
983.183208	76.778169	
412.633403	21.375875	
351.739002	787.436585	
714.708820	830.495803	
981.355269	191.993533	
54.045500	183.343816	
776.776116	503.489158	
972.988712	700.906699	
442.478978	234.256103	
48.979974	732.040103	
113.475679	379.501743	
78.066461	236.045380	
26.419377	540.801984	
473.467288	788.153714	
13.135285	638.756540	
503.117050	29.924502	
946.350146	519.224471	
245.832084	759.316548	
268.174652	286.977988	
945.164412	629.151756	
832.271530	372.931874	
428.489178	77.513502	
69.994854	843.121333	
712.912619	12.181883	
383.842981	911.837370	
704.757892	184.469785	
739.449002	933.033335	
997.161726	350.728285	
851.213591	719.827516	
448.380670	453.220539	
28.083202	295.528308	
245.622413	139.442343	
737.730645	856.369373	
625.385200	468.985632	
163.329198	833.323120	
59.767211	343.127257	
831.260808	894.032746	
908.537914	22.274068	
643.345250	674.142470	
22.540069	153.209009	
980.831303	931.859424	
586.806055	857.523554	
4.065868	650.880850	
431.094191	572.094735	
998.443089	262.900248	
999.955254	826.390031	
624.285276	997.479197	
107.618405	372.311375	
652.029940	689.629948	
322.080531	218.977649	
599.278696	825.137558	
177.436146	235.214898	
2.409858	788.534112	
804.432444	474.640177	
235.465566	384.041799	
31.444594	455.777900	
648.705858	155.710121	
873.745129	137.081896	
997.184481	625.826914	
245.219227	319.868789	
660.051442	51.113408	
404.539689	994.923158	
699.546743	593.085887	
829.056024	603.991288	
821.968148	445.307469	
717.339404	509.576933	
234.722483	510.363114	
223.507221	265.202393	
61.059898	86.636838	
419.865015	876.709421	
130.083663	28.302046	
847.764100	978.060928	
512.408932	775.482778	
350.716732	191.550710	
826.367502	806.375923	
619.039959	760.351207	
761.361891	166.097903	
174.430057	38.803683	
499.932144	234.145675	
386.428622	763.436113	
143.224414	575.607946	
84.319886	394.113893	
641.750650	913.102218	
388.914957	30.817057	
192.560282	622.608013	
76.588195	138.297139	
251.863673	1.534693	
930.828264	268.961659	
56.632866	682.329127	
78.694432	127.051952	
174.802737	49.664958	
271.990610	126.017022	
398.877066	212.720670	
947.743516	349.036112	
448.788380	698.504061	
66.076318	323.485238	
821.216030	316.731779	
396.377029	370.258494	
731.161651	247.589823	
952.968739	51.915322	
30.499627	297.139611	
359.098915	682.763536	
407.180305	577.246477	
536.327512	880.121257	
911.282198	464.810092	
449.306729	438.693596	
124.562001	784.840190	
843.511093	123.739858	
612.083096	599.187040	
266.868011	897.797856	
572.188730	27.927583	
379.536538	45.330840	
12.256254	397.954151	
201.749589	248.180216	
728.345421	922.321260	
427.330026	753.271475	
929.342900	131.328141	
685.602639	838.635455	
163.640717	577.092121	
357.112742	877.728620	
660.356074	713.711877	
825.153967	422.939687	
224.642568	212.464644	
907.481064	536.591415	
183.586765	991.428204	
522.677415	828.657633	
7.402019	989.522307	
457.085038	942.631216	
408.467174	926.016180	
533.561242	865.981702	
227.341782	301.688517	
354.469542	739.511905	
94.946821	119.454958	
127.444737	543.026533	
236.366732	869.160589	
210.656165	232.725140	
99.731382	754.864307	
532.604983	979.099192	
587.641125	744.530972	
892.445038	524.036312	
766.784364	734.436717	
726.860255	507.209541	
109.643645	382.760349	
779.274654	428.085504	
731.641928	105.338713	
482.175551	590.538569	
140.153115	396.670053	
29.850860	733.045511	
650.471630	595.396743	
618.718704	237.750307	
496.907830	887.271694	
848.331529	309.999545	
682.998754	970.740776	
398.091970	67.628256	
139.232884	181.828008	
513.034286	694.025508	
74.971788	118.281482	
530.203272	744.722249	
225.843372	207.341674	
439.262157	320.901204	
104.502091	544.624232	
336.649978	646.639820	
75.001533	480.019820	
863.367368	388.829468	
808.420145	503.930249	
878.490170	245.844413	
557.297326	520.857184	
374.030747	328.534476	
353.872806	419.440720	
975.349064	412.435715	
502.310933	498.800573	
362.454642	783.668730	
857.252116	397.942405	
363.337207	754.775490	
26.583721	298.419515	
202.941192	504.686178	
787.667706	588.217983	
319.075790	125.611051	
639.232634	91.906859	
66.707223	995.738322	
344.796133	89.508276	
189.763845	721.098324	
128.106482	168.191391	
31.647187	750.155325	
536.433042	93.831375	
242.319138	481.799579	
536.978629	799.599243	
313.780798	527.678793	
394.249403	889.993199	
994.840888	77.177146	
411.838002	212.667674	
412.965272	277.728821	
25.753236	625.118244	
252.843171	633.226053	
95.799504	619.945309	
365.001711	421.156319	
693.745825	20.083187	
742.423856	324.436474	
873.986539	60.545431	
453.305282	393.367815	
361.884949	164.289734	
132.443675	368.478385	
93.746825	292.033401	
2.111404	622.722697	
608.079199	233.228884	
718.915750	129.191044	
359.099763	613.882006	
799.309191	36.896762	
944.868856	27.992754	
337.662973	786.381509	
7.990976	731.837042	
931.944969	211.857584	
137.450079	664.616735	
489.271642	66.414073	
794.957457	39.186217	
482.905691	697.415624	
714.890389	551.643361	
37.178610	532.195217	
177.643202	642.156680	
897.326552	329.240303	
654.459804	827.601159	
343.781964	935.991815	
949.109285	20.314104	
185.001077	495.662163	
278.760796	40.499775	
74.837489	834.247507	
775.988011	470.744100	
229.798931	243.986772	
426.617673	68.916993	
518.891129	568.761351	
938.464470	457.170296	
146.921941	107.539637	
433.440784	75.068689	
223.777473	561.816503	
463.573873	663.487578	
761.998181	992.088076	
263.469949	68.001413	
139.110658	148.673283	
510.580729	955.251408	
927.161386	599.557680	
583.514480	954.169700	
264.944625	59.844129	
926.181259	320.996109	
800.687661	767.687767	
521.503709	433.073714	
714.068082	338.548156	
58.699276	255.837434	
528.279795	977.340866	
227.202078	67.123431	
624.516807	918.659866	
946.979765	85.503907	
853.791280	14.167931	
677.392794	571.175226	
985.430363	467.187496	
330.768299	67.829498	
940.137856	640.421557	
582.102211	558.784078	
857.292225	975.600922	
332.345317	892.015800	
885.748904	271.175508	
131.357264	535.322405	
305.707778	720.524993	
265.577835	695.565926	
121.924084	525.743339	
20.880601	137.978508	
62.918552	311.976568	
163.265815	178.736618	
451.541521	13.921723	
995.231393	723.234339	
745.040145	232.107670	
767.613569	681.930054	
701.819724	506.322505	
968.354085	394.138878	
579.107385	697.336033	
815.517962	979.911099	
551.824785	569.504476	
941.125720	155.952988	
824.575871	400.210339	
878.991100	366.371645	
218.566388	626.594712	
802.202362	78.189365	
622.917483	650.392671	
81.723511	898.974374	
636.385996	870.765623	
526.057540	16.669016	
668.851475	458.765827	
90.532383	604.800013	
469.032874	683.006293	
612.840969	141.901610	
526.908790	228.416428	
551.635451	522.108782	
186.888675	449.344820	
662.477259	173.574453	
306.414323	91.388908	
996.711201	235.093569	
540.341078	546.960672	
258.845536	89.549465	
364.669782	2.687857	
247.604754	219.607999	
963.477223	240.946661	
370.074326	422.368232	
100.941928	577.060531	
988.392828	741.916347	
359.275137	636.145690	
483.289166	819.504334	
636.594620	555.552211	
448.163395	95.205389	
517.066495	411.554513	
715.466332	457.486159	
99.546038	523.473845	
93.875853	598.150952	
274.766035	14.782762	
388.561389	118.063880	
573.481318	450.246318	
993.597877	956.329978	
810.457206	281.577337	
15.340701	478.098775	
602.212436	262.803394	
11.091371	120.908826	
136.339584	672.008962	
240.310574	960.124167	
646.475683	53.685396	
989.589541	23.079718	
400.592872	746.744600	
244.920982	150.624594	
291.303191	356.553515	
653.730077	389.043993	
232.660991	345.197605	
887.021631	347.518191	
182.095604	54.856040	
178.375025	656.356445	
507.079969	235.562145	
147.246379	127.991793	
500.883932	160.034347	
777.276203	166.166506	
490.538939	655.732119	
902.283703	675.293512	
599.599094	709.808046	
101.134469	736.164318	
781.954009	188.151237	
62.731918	359.911493	
855.222976	966.135387	
788.692414	616.556641	
850.435618	319.292147	
112.724907	393.775592	
123.566675	160.519946	
764.540962	262.766037	
85.150481	814.523826	
448.457284	234.584385	
595.768151	89.691217	
267.547567	720.483846	
533.644755	797.611235	
940.613482	170.994726	
571.632119	376.511965	
803.954528	928.253323	
933.989198	134.363842	
501.808876	718.187034	
3.502948	940.775159	
622.179319	234.577534	
200.324711	456.906028	
149.099580	666.640007	
200.554603	595.986424	
178.132070	683.208451	
942.478694	563.981376	
386.985510	299.168998	
41.097641	394.222814	
370.678756	148.676660	
960.569918	167.086357	
836.560906	564.786147	
385.110259	952.674871	
694.976528	953.445843	
569.782129	263.398679	
855.347378	901.705248	
372.595708	813.168110	
5.961578	135.325327	
620.271409	970.169346	
271.010347	302.951716	
725.034014	562.497746	
662.449462	8.311044	
456.978565	10.038950	
353.909646	393.194052	
224.530071	875.493446	
316.594102	834.763983	
634.947534	516.775076	
243.255952	231.299879	
275.849902	814.994112	
754.667210	858.955209	
838.699044	255.176619	
885.019406	469.325877	
218.674957	740.927486	
809.919108	249.073638	
178.035283	438.385601	
698.598970	707.688889	
998.369164	307.812670	
77.695729	727.330376	
889.447346	963.478039	
663.902776	30.305168	
591.916087	254.046273	
279.752213	308.544764	
769.298067	914.569990	
172.615544	147.298437	
72.507414	426.942616	
145.728552	498.649721	
820.510347	675.334638	
914.108799	602.079229	
452.756829	12.003398	
548.067118	469.065065	
959.915497	805.435507	
62.070709	202.775158	
829.759445	910.246992	
83.455822	98.528119	
832.434180	976.793500	
213.489698	539.950595	
454.995476	693.097877	
499.401376	357.805619	
686.517028	286.176926	
252.224733	55.691116	
534.985950	221.781961	
42.584414	899.622360	
656.334225	409.522590	
563.534502	731.753059	
296.795459	886.000786	
512.819422	102.373674	
648.165750	171.105276	
700.840904	388.898993	
328.883442	56.732842	
802.775211	878.990915	
279.539955	447.088393	
710.845270	238.126921	
816.530536	467.263940	
175.900882	865.622208	
10.032269	383.763933	
528.475585	680.973968	
429.059519	708.486076	
962.663047	681.074993	
841.452707	881.624912	
60.718033	978.851021	
550.868649	668.663473	
998.973221	620.788420	
393.444115	646.179562	
413.699704	996.264052	
609.527557	36.333867	
212.073732	92.001212	
645.468427	322.536799	
476.686207	435.395127	
428.809521	526.647000	
147.965531	750.815825	
325.235732	823.368099	
545.748708	67.458601	
372.827302	481.022661	
193.027002	38.506219	
988.525845	661.534031	
639.127991	840.932388	
550.266582	314.403612	
917.760335	648.811138	
585.413779	702.120314	
350.362773	661.575842	
374.585332	796.442828	
110.722309	600.693962	
782.666753	256.505016	
973.983176	90.332182	
927.207892	878.400942	
558.508570	941.290416	
559.786607	603.683946	
994.384708	54.296059	
524.980725	226.744955	
583.872979	28.697909	
151.042238	66.888325	
445.773254	794.865836	
195.928870	670.039228	
910.116503	328.206010	
244.423238	38.302746	
181.435447	323.955634	
337.055422	278.618929	
783.170859	981.511869	
670.626894	177.366601	
252.325762	155.308811	
742.122741	375.797684	
87.731343	811.731813	
811.473603	965.049617	
338.162368	585.414944	
770.381304	587.217235	
682.213924	442.509841	
713.378453	633.807071	
345.369669	84.023272	
517.618413	383.178549	
521.120059	705.914702	
250.958869	912.163141	
303.284552	632.872866	
238.383657	641.433393	
427.996728	908.032281	
226.905844	236.661024	
685.478625	505.343756	
31.621455	971.715970	
23.218102	942.154475	
662.741224	509.896246	
317.693583	434.181594	
452.239640	550.955086	
64.397711	720.647580	
916.050210	474.933379	
860.764645	517.634528	
365.161178	790.578925	
511.308797	216.303517	
507.010450	680.518887	
175.227074	568.042849	
973.319730	562.620116	
459.493483	920.071444	
48.779875	63.777872	
140.352380	365.554558	
341.546406	536.753819	
606.739400	896.310187	
931.126397	123.566511	
330.051349	62.102152	
417.226378	618.019757	
933.281266	794.850401	
348.573744	818.466787	
378.145801	328.493893	
415.811359	707.851529	
259.971524	173.900656	
489.697068	411.282095	
137.690604	486.096644	
905.870996	936.004340	
223.871749	465.883966	
957.736233	57.059882	
649.434045	277.322278	
83.769489	45.079931	
111.847121	49.536133	
581.732432	86.486955	
22.647236	534.554999	
502.662546	258.487686	
134.627542	648.361443	
992.689336	655.402468	
544.700203	759.965189	
552.087589	644.224338	
631.734504	805.544672	
23.098475	780.354273	
34.638419	583.230915	
817.730820	942.627611	
865.733614	626.859360	
215.631631	921.256606	
930.045744	927.266117	
655.031867	748.696191	
556.721549	203.632218	
727.786764	921.768471	
365.644073	109.899864	
801.548522	160.046770	
741.065137	856.646037	
403.514756	520.175411	
108.866381	253.092245	
763.426735	55.905928	
795.239214	379.166276	
437.961796	470.433499	
436.728727	640.767113	
73.717545	633.857710	
108.571777	932.427461	
471.469812	445.055798	
860.251570	577.560103	
108.383169	987.681492	
930.811470	141.465208	
146.325676	981.062424	
314.802179	814.303435	
729.460935	208.539079	
909.358092	92.465625	
764.372427	14.565774	
131.313907	152.811109	
334.447127	628.978581	
858.832462	811.517301	
872.167546	826.490327	
279.775859	86.029340	
935.363466	299.491522	
729.009060	550.338645	
853.506147	986.250686	
328.692613	285.965553	
844.975389	682.736603	
197.538773	836.522358	
462.627151	126.578941	
340.954904	338.843397	
849.070349	251.631204	
609.923610	405.121159	
507.759898	272.463768	
17.433005	58.051004	
690.378787	119.054813	
703.825357	629.395139	
816.630144	454.300878	
589.913418	248.398200	
256.988198	976.620030	
710.970151	880.317297	
568.944186	642.594925	
562.926880	385.771153	
868.886990	703.222608	
439.186258	615.352725	
777.376631	707.428706	
194.534015	527.059780	
147.396342	71.328314	
692.388171	894.230751	
772.031291	637.275654	
565.892779	696.006099	
719.127486	938.811182	
410.073062	1.881401	
904.534837	543.172213	
625.385272	674.709699	
364.259972	785.629743	
562.625611	386.741709	
239.180839	9.549475	
5.957003	314.513040	
911.125750	18.825736	
462.074777	49.227947	
235.773343	898.608541	
988.986271	457.261731	
522.152592	905.677607	
5.769374	558.803501	
303.301859	151.936757	
849.532921	605.656663	
994.710681	858.088407	
592.893765	127.648197	
712.880549	478.335233	
365.003179	706.772182	
925.967016	877.839014	
112.493964	425.601993	
772.488814	526.109156	
837.468173	165.252487	
296.615924	118.244387	
312.206004	126.109733	
841.597354	964.531238	
855.195980	212.959849	
635.995422	714.067755	
539.541663	198.659915	
156.360717	518.714316	
146.032480	351.969487	
169.865692	197.630994	
723.199836	253.992947	
542.896600	36.456693	
29.448604	83.173167	
157.416436	547.920617	
621.209001	512.184519	
552.824567	494.117062	
869.764174	535.349777	
752.392997	349.202843	
648.894991	42.679575	
27.635239	349.550390	
338.034297	783.141148	
556.982229	117.552289	
28.796148	79.340619	
872.716710	222.347646	
754.162272	698.027821	
120.716122	201.803210	
140.239559	276.605895	
416.192716	481.491744	
208.832934	219.121168	
278.300685	742.264119	
510.193390	769.003349	
741.043605	423.401737	
533.036741	330.177655	
457.497146	16.156227	
74.110674	107.859800	
730.305406	844.052250	
586.218520	735.827808	
495.983013	376.570599	
433.751083	920.954056	
562.641663	485.538202	
509.109867	540.674710	
890.195731	66.260947	
109.829253	84.540808	
610.651241	272.229638	
373.575602	913.145609	
739.703007	911.475151	
962.568349	106.381566	
362.247897	39.715347	
936.457011	747.746215	
0.045181	51.876664	
352.561473	870.729376	
985.648873	191.232686	
135.663493	717.982112	
914.829132	956.374108	
325.602912	132.109655	
744.515809	589.996387	
213.505985	224.019719	
183.684707	136.224805	
344.990260	625.482593	
891.755717	162.323004	
44.889085	831.234287	
208.769342	887.313721	
536.084428	826.470746	
669.482055	998.473881	
901.555634	338.383621	
449.150272	872.155203	
659.101237	155.839826	
412.002472	263.640878	
649.876214	786.840367	
103.172206	963.676354	
18.633962	275.321860	
814.839403	408.889093	
891.881945	405.971227	
966.956099	67.825958	
856.816058	522.127496	
557.770485	787.537700	
322.003386	618.152233	
68.034709	338.106665	
627.458906	521.924658	
553.676714	851.695399	
85.850477	602.282654	
972.309600	494.014935	
88.477665	531.007795	
267.332368	676.593325	
508.795800	528.385429	
386.751766	525.515614	
994.721008	899.056494	
163.393842	162.834057	
571.097401	327.777090	
856.484682	689.462508	
125.619978	583.104417	
57.344447	616.378118	
523.059290	730.843325	
52.323030	26.138627	
999.670188	541.843105	
303.202444	271.472479	
758.477315	526.796385	
285.847502	291.721203	
186.878612	829.606381	
905.288702	226.288299	
557.679103	9.221116	
919.318512	337.070050	
947.370244	46.664061	
702.625741	477.723249	
734.142017	223.414001	
271.540837	130.458028	
223.850965	95.727827	
750.334076	125.312365	
734.896139	816.126004	
637.885380	337.255707	
562.740243	998.293344	
787.389371	125.228851	
949.014740	917.152986	
381.357226	237.844738	
941.787638	342.076028	
425.177637	641.510946	
412.814747	706.674378	
101.083124	109.667471	
988.379403	205.369204	
670.369408	448.956602	
730.300944	420.842802	
732.727756	497.412427	
510.280540	616.763591	
828.407580	594.019853	
557.074439	366.649747	
832.317937	101.869410	
977.273645	643.988846	
175.056866	630.823975	
586.989862	881.566543	
421.584071	488.460330	
48.453040	620.648827	
685.108403	485.284095	
643.810914	186.636201	
990.972930	113.464032	
283.979532	15.978981	
268.164264	160.435598	
272.760120	465.923703	
131.016768	907.879079	
426.233918	518.967079	
382.366030	111.599220	
635.974620	188.847751	
646.749561	179.252116	
451.951132	21.979675	
149.141780	998.265249	
794.345275	570.252505	
699.119965	258.809620	
580.892802	644.788878	
400.657608	883.671073	
473.601212	351.185891	
490.987835	736.504558	
54.143064	516.532458	
468.635800	378.759198	
186.991951	46.891678	
254.879280	595.664552	
108.248326	580.198653	
794.030572	34.811660	
501.403528	988.828866	
541.674398	105.251748	
351.098684	32.157139	
529.659991	999.461342	
292.640187	995.330010	
205.134740	953.540809	
680.287098	291.367354	
980.251919	62.126518	
339.994324	824.137565	
323.184989	618.528209	
765.869642	351.486571	
506.652736	591.770311	
265.886331	476.305273	
518.065915	32.064678	
28.507989	962.765521	
625.975478	354.426534	
373.292251	635.588902	
486.627066	203.123223	
554.342272	352.666113	
396.476906	51.805923	
562.630865	872.565634	
406.859934	439.766175	
931.202334	795.698962	
531.530448	737.677850	
989.528418	603.867022	
