1	4	5	7	8	
36	39	48	72	89	
15	21	62	85	100	
9	41	49	51	71	
10	27	45	58	82	
11	14	19	24	50	
2	3	29	52	67	
43	65	73	83	96	
23	42	55	61	87	
34	75	81	88	94	
25	33	38	64	66	
12	26	31	69	86	
13	28	37	44	78	
53	57	59	77	95	
6	20	57	79	84	
17	30	63	66	95	
16	18	19	47	98	
20	24	76	80	92	
54	56	65	73	90	
1	2	46	68	93	
21	37	60	97	99	
5	44	53	70	91	
4	18	32	35	48	
22	26	52	74	82	
9	30	36	40	49	
10	16	23	34	94	
12	33	54	61	71	
25	27	75	78	90	
13	46	64	85	91	
12	43	68	86	88	
42	47	75	87	99	
7	14	22	31	66	
39	57	58	63	92	
24	32	36	67	84	
52	73	76	77	100	
41	50	72	83	98	
18	62	80	89	95	
2	20	22	38	79	
17	37	65	93	99	
6	15	53	69	97	
10	13	28	51	92	
4	12	56	58	81	
21	29	55	67	85	
8	24	60	90	98	
5	9	59	96	100	
1	3	14	44	79	
2	19	26	45	54	
11	18	32	75	83	
41	68	70	73	82	
6	25	35	66	89	
30	40	61	87	91	
16	22	74	75	88	
22	39	46	99	
74	77	82	91	
32	37	
62	87	
42	
40	
45	
40	
5	
42	
42	
84	
3	
42	
3	
55	
29	
25	


































































































































































































































































































































































































































































































































































































































































































































































































































































































































































